mtx1 107 3382.91 9.90155e-07
mtx2 106 3309.7 9.89406e-07
mtx3 99 3093.27 9.77943e-07
mtx4 100 3132.35 9.8636e-07
mtx5 98 3075.86 9.95792e-07
mtx6 99 3103.75 9.89039e-07
mtx7 105 10569.4 9.67655e-07
mtx8 294 8728.43 9.95446e-07
mtx9 294 8734.43 9.95446e-07
mtx10 89 2636.11 9.69638e-07
mtx11 89 2677.63 9.69638e-07
mtx12 294 8851.38 9.95582e-07
mtx13 294 8824.21 9.95582e-07
mtx14 89 2672.25 9.69421e-07
mtx15 89 2673.85 9.69421e-07
mtx16 294 8822.68 9.95641e-07
mtx17 117 2376.13 9.50479e-07
mtx18 17 646.947 7.72695e-07
mtx19 17 647.573 7.62955e-07
mtx20 12 465.094 6.73981e-07
mtx21 1906 35361.4 9.99107e-07
mtx22 40 388.929 9.50221e-07
mtx23 294 4034.36 9.9118e-07
mtx24 131 13683.4 9.86315e-07
mtx25 261 2179.88 9.97719e-07
mtx26 347 29604.7 9.95675e-07
mtx27 2234 8141.24 9.99168e-07
mtx28 945 4059.85 9.98353e-07
mtx29 28 3106.54 9.16728e-07
mtx30 1950 22541.2 9.99854e-07
mtx31 496 2044.03 9.92598e-07
mtx32 1192 13299.9 9.99814e-07
mtx33 969 1587.69 9.98146e-07
mtx34 1556 5092.64 9.94313e-07
mtx35 152 460.208 9.81596e-07
mtx36 789 4492.23 9.98753e-07
mtx37 354 9950.01 9.99962e-07
mtx38 605 27667.1 9.95213e-07
mtx39 113 454.613 9.32709e-07
mtx40 1968 19852.8 9.99542e-07
mtx41 100 521.975 9.87738e-07
mtx42 51 1364.19 9.35447e-07
mtx43 56 1541.21 9.43128e-07
mtx44 350 852.225 9.99546e-07
mtx45 535 2942.2 9.97092e-07
mtx46 295 1549.69 9.8939e-07
mtx47 928 4018.3 9.98696e-07
mtx48 1032 3152.05 9.99206e-07
mtx49 45 114.441 9.84562e-07
mtx50 2670 15710 9.99594e-07
mtx51 412 1533.53 9.91259e-07
mtx52 555 4460.16 9.98042e-07
mtx53 874 2885.44 9.99947e-07
mtx54 245 952.451 9.96186e-07
mtx55 381 1331.61 9.99746e-07
mtx56 278 1073.5 9.82511e-07
mtx57 1968 19946.2 9.99542e-07
mtx58 204 339.786 9.94766e-07
mtx59 613 22573.7 9.99688e-07
mtx60 450 6660.63 9.95282e-07
mtx61 428 13653.9 9.95704e-07
mtx62 468 2701.94 9.99673e-07
mtx63 3152 10799.3 9.9966e-07
mtx64 187 2808.12 9.89336e-07
mtx65 147 522.613 9.95566e-07
mtx66 316 4484.93 9.9934e-07
mtx67 1296 3930.58 9.98837e-07
mtx68 71 5494.84 9.75445e-07
mtx69 230 1385.83 9.94537e-07
mtx70 3989 33757.8 9.99642e-07
mtx71 3589 37257.5 9.996e-07
mtx72 727 16287.3 9.99398e-07
mtx73 185 7878.12 9.97865e-07
mtx74 435 2704.46 9.98319e-07
mtx75 64 1458.11 9.89864e-07
mtx76 75 1886.63 9.89294e-07
mtx77 164 1327.13 9.51897e-07
mtx78 67 4213.21 9.52922e-07
mtx79 5494 8797.95 9.99738e-07
mtx80 2424 9086.2 9.99907e-07
